6874568065
8904809447
6114985343
9220078247
4489215762
7154196852
8914577041
1871083907
1072630212
2525553673
8202384597
6022963013
2123668438
6275220754
7620707905
2337587111
1472860068
8850286010
7126230850
1583876465
3144457708
2821381760
8782909088
8533464946
1256293128
6495197907
6090166029
6543915923
6983235132
2245021541
6118075843
4020889796
3318804710
2434574233
1621098841
9166510934
2766843260
3398161099
5302884482
9473524885
8688211546
4015494049
7838018939
9183894151
4697186177
9799233290
2637106186
5083511892
3851123997
6952372986
9955708815
4385557020
8680866522
7176150413
9877176165
2873448239
1472894624
5420083334
7992025295
5827337044
3165287066
5982970420
6333915764
7094466187
4065726440
7525895664
7577145714
4617088618
5360015507
7416642049
4161897609
7485814951
5753185908
3868659543
9671375843
7260407935
3274207710
2938720617
5121076299
3012660043
7944183448
5892146446
5735814225
7919179990
7366834834
9923417560
8835810743
3655317822
3191651887
1473494914
3366694614
2768565752
5288992293
9742800820
4288466523
5257909074
2437095205
5914075251
1514721846
4528720258
